x1Q6: -1.1374713018242015
x2Q4: 0.76142593374526
x3Q6: -0.9576737861551728
x2Q6: 0.9147523370198061
x2Q1: -0.13813194879583057
x3Q3: 0.6936174979531696
x2Q2: -0.9804671051697523
x3Q1: -0.59032581263086
x3Q4: 0.17519332860349612
x2P0: -2.5671093896915993
x2Q0: 0.9496472697122459
x2Q3: 0.0
