x2Q1: 0.6870051885481183
x2Q5: -0.38963126582779206
x2P0: 0.6227310523915147
x2Q2: -0.4076407112716255
x3Q6: 0.3288446140689684
x3P0: 0.4066090396007742
x3Q2: -0.9562088417314367
x3Q5: 0.2799362454893287
x2Q0: 0
x3Q1: 0
x2Q4: 0
x3Q3: 0
