x1Q6: 1.3039857714418501
x2Q4: -0.18330917123423632
x2Q0: 0.8123708365289378
x2Q2: -0.5840138439006649
x3P0: -2.6866393554233468
x3Q0: -0.8278555966121854
x3Q6: -0.9260187110657546
x3Q5: 0.20849579372059449
x2P0: 0.0
x3Q1: 0.0
x2Q3: 0.0
x1Q4: 0.0
