x1Q3: -1.314657636712413
x1Q4: -2.3098480139328523
x1Q5: 0.46842835084665485
x2Q0: 0.7204094067122786
x2Q2: -0.9747454031280425
x2Q5: -0.16475203722572873
x3Q5: -0.6520647986041037
x3Q0: -0.4169631022606364
x3Q2: -0.7115162447576284
x1Q1: 0
x2P0: 0
x1P0: 0
