x1Q4: -0.3733678744331616
x1P0: -2.217659234942344
x1Q5: 0.24796702560664738
x2Q3: 0.8729153240697046
x2Q1: 0.9820523761768102
x2Q2: 0.9694911959751537
x2Q5: -0.9943949063011303
x3Q3: 0.43015121812531937
x3Q2: -0.6481958842074971
x3Q0: 0.13966508071749875
x3Q6: -0.17696064550234253
x3P0: 0
