x1Q6: 1.9317833801743598
x1Q0: 2.461980334741703
x2Q1: 3.1026509595709557
x2Q4: -1.9359638056215676
x2P0: 1.6804827064249723
x2Q5: 1.9892493593266367
x1Q1: 2.5130667438508536
x2Q2: 1.7089371032328615
x2Q0: 1.219023657818603
x2Q3: -2.3035133106630994
x1P0: -1.492210575358428
x1Q4: 1.5215753775488106
x2Q6: 2.6526079867496155
