x1Q3: 3.0809751944424395
x1Q5: 2.9370168710925606
x2Q6: -2.558228753561602
x2P0: -1.1044453368988998
x2Q1: -1.5413695784714885
x3P0: 2.35043114615656
x2Q5: 2.824510968699201
x1Q0: -2.723733103110574
x1Q6: 2.9740531112577284
x2Q0: 1.403735212904714
x2Q4: 2.389939675216767
x2Q3: -0.6856800146333965
x1P0: 0.8382989825562891
