x1P0: 1.018013159003555
x1Q0: -0.8474271804560303
x1Q6: 0.7873503692758166
x1Q2: 0.19952508384398973
x1Q3: 2.1965314603003963
x1Q4: -2.3998292275072006
x2Q0: 0.9347680626440128
x2Q1: 0.8899692631600459
x2Q2: -3.0224521489212077
x2P0: 0.2660155966710445
x2Q6: -0.38475008824334045
x2Q4: 1.9693612469420272
