x1Q4: 2.921955683512331
x1Q2: -3.0124411231525507
x1Q5: -2.9196898830881275
x2Q3: -1.388990944867255
x2Q1: -2.815063374231487
x2Q5: -3.0982086123952772
x2P0: -2.5045623608375007
x2Q6: -2.1743649082690872
x2Q2: 1.2686191495656682
x2Q0: 1.555186909829819
x2Q4: 1.6204940053253751
x1P0: 1.553973032096828
x1Q1: 1.2097810294894198
