x1Q0: -2.925477779043759
x1Q6: -2.1273147544246287
x1P0: -2.7608239163540063
x2Q2: 2.670770578485067
x2Q1: 2.4126197279186865
x2Q6: -1.7826117359941214
x2Q3: 2.1235873833016634
x2P0: -2.471336134853908
x2Q0: 1.9620694988303349
x1Q5: 1.1544447016936674
x2Q5: -2.310063368013088
x1Q1: 1.812471557218634
x1Q4: -3.0499020981084195
