x1Q0: -2.6318248921785443
x1Q6: -2.1095446696589533
x1Q1: 0.6546201446304197
x1Q4: 2.9846681716059105
x1Q3: 2.1663955179728234
x2Q5: -2.854391009273585
x2P0: -3.029999773301175
x2Q1: -1.4887693048223969
x3P0: -1.0356530923208322
x2Q2: -3.004693563696467
x2Q4: 2.7806161658546587
x1Q2: -2.781270120643717
x1Q5: 2.7721298745344116
