x1Q6: 1.8910681309047987
x1Q0: -2.1305843635386954
x3Q3: 0.7322964077980538
x3Q4: 0.1995089535509133
x2Q3: -0.5286045782687591
x3Q5: 0.7025465152475705
x2Q1: 0.2053156675732229
x3Q6: 0.0744343464711825
x2P0: -0.5698391885922832
x2Q5: 0
x3Q1: 0
x2Q6: 0
