x1Q2: -1.1512369724225058
x1Q6: 0.23834546242697272
x1Q0: -0.09829776251200378
x2Q2: -0.8212595251566528
x2Q3: -0.7662409889961367
x2P0: 0.6393618177655004
x2Q4: -0.807496967008215
x3Q0: -0.7630151959183892
x3Q5: -0.6564564255811167
x3Q1: 0.8485231809144035
x3P0: 0.4228548667008223
x2Q0: 0
