x1Q1: 0.9452133775434729
x2Q3: 5.420437042822489
y3P0: 0.05008315970377268
x2Q1: 0.17657825297478114
y3Q5: 0.420794620557286
x1Q2: 0.41775071078500553
y2Q5: 5.914288423306858
x2Q4: 0.20001017534369211
y3Q2: 5.914209910197693
y2Q0: 5.108977952094934
y3Q0: 6.18892271960369
y2Q2: 0.17367504023305882
x1P0: 2.424314013193979
x3Q4: 0.5730486017229709
y1Q1: 0.15360961574857365
y3Q4: 5.960010991781619
y2Q4: 1.7118391621367206
y1Q6: 6.226017416161802
x3Q0: 0.2954618145092788
x1Q6: 5.37651579143573
y2Q1: 4.160080315291007
x2Q6: 5.818974085946522
y1Q3: 5.968356168624298
x3Q5: 0.1689977080177539
y3Q6: 5.938027131698206
x3Q6: 0.9939840239967017
x1Q3: 0.27419563832895244
x3P0: 1.3401216434859191
y3Q3: 0.01603215711459427
y2P0: 5.192641205191139
x2Q0: 1.3598913669435315
x1Q5: 0.23136475046053018
y1Q0: 0.024669854162683927
x3Q2: 0.8810302330473174
x2P0: 6.036131073301865
x2Q2: 6.058049456170283
x1Q4: 0.7685219502043528
y1P0: 0.19023458326872222
y1Q5: 5.702952766985564
x3Q1: 1.4307721496662078
y3Q1: 1.720682431636892
y1Q2: 0.3005904193051092
x3Q3: 1.3704571660358886
y2Q6: 6.169165325108053
x1Q0: 0.5202593305039834
y2Q3: 0.6456269302413321
x2Q5: 6.005405318165252
y1Q4: 0.21856507230259875
