x1Q1: 1.0380470755669697
x2Q3: 5.537079149691678
y3P0: 6.264886081511939
x2Q1: 0.4572947253737093
y3Q5: 0.5249791678400877
x1Q2: 0.7882879493940687
y2Q5: 5.92215342322546
x2Q4: 0.3393890013440499
y3Q2: 5.96750266127258
y2Q0: 5.218536490464887
y3Q0: 6.179709786788642
y2Q2: 0.3228524299803911
x1P0: 2.387373048324352
x3Q4: 0.6617071701487185
y1Q1: 0.10068760202660354
y3Q4: 5.710430292547352
y2Q4: 1.6495433448610102
y1Q6: 6.240696759691455
x3Q0: 0.5354747535566883
x1Q6: 5.459607979289495
y2Q1: 3.8618941289824176
x2Q6: 5.929820296988054
y1Q3: 6.231306000718401
x3Q5: 0.18526792586327906
y3Q6: 5.841715904333929
x3Q6: 0.8525601217985991
x1Q3: 0.26335721350435914
x3P0: 1.3276895849323453
y3Q3: 6.195340630475069
y2P0: 5.457562799502063
x2Q0: 1.296964187229921
x1Q5: 0.17866235722610208
y1Q0: 6.2727032267497975
x3Q2: 0.8722150847468673
x2P0: 6.042037800615041
x2Q2: 6.2817211939095605
x1Q4: 0.8394078588723619
y1P0: 0.4975976870912838
y1Q5: 5.6676155268705815
x3Q1: 1.4664531072705687
y3Q1: 1.8759465331039409
y1Q2: 0.24789245560275303
x3Q3: 1.2662447846693123
y2Q6: 5.840449650621506
x1Q0: 0.594452856473079
y2Q3: 0.8272361082432408
x2Q5: 6.160269136654968
y1Q4: 0.11358591850357563
