x1Q1: 0.9296945277798099
x2Q3: 5.56696413919868
y3P0: 0.009341156937214155
x2Q1: 0.20451364476124517
y3Q5: 0.3483693648197544
x1Q2: 0.44911604208550676
y2Q5: 5.846874952034695
x2Q4: 0.18839961512576645
y3Q2: 5.870932407610224
y2Q0: 5.119236803237804
y3Q0: 6.039841850265189
y2Q2: 0.18842088479852354
x1P0: 2.351654491207584
x3Q4: 0.5980736183850192
y1Q1: 0.14188221001809592
y3Q4: 5.90203703593852
y2Q4: 1.8235250239776812
y1Q6: 6.259024457672946
x3Q0: 0.40768616804168667
x1Q6: 5.362600209269559
y2Q1: 4.212521542957868
x2Q6: 5.826703982920547
y1Q3: 6.030159007787487
x3Q5: 0.2441189033431328
y3Q6: 5.851201541838699
x3Q6: 0.8142303224665379
x1Q3: 0.2640467741023313
x3P0: 1.314134517304185
y3Q3: 6.251848564503453
y2P0: 5.225042606033369
x2Q0: 1.3571210250291268
x1Q5: 0.342604468470683
y1Q0: 0.17296102525841422
x3Q2: 0.6861653075988696
x2P0: 6.030582898362694
x2Q2: 6.168659607761419
x1Q4: 0.8792223319339643
y1P0: 0.312190148554542
y1Q5: 5.661877322854475
x3Q1: 1.4107033814806447
y3Q1: 1.8516776006672373
y1Q2: 0.25510581339837546
x3Q3: 1.3854439899858526
y2Q6: 6.059624904693416
x1Q0: 0.4097542442893572
y2Q3: 0.7748599664456636
x2Q5: 6.060303082776558
y1Q4: 0.0622899053724076
