x1Q1: 0.9177187573261371
x2Q3: 5.546506783386463
y3P0: 6.1971275038524745
x2Q1: 0.5584590453846796
y3Q5: 0.49215401039742424
x1Q2: 0.7089165183916061
y2Q5: 6.011414378667346
x2Q4: 0.2959079282027901
y3Q2: 5.925413012466013
y2Q0: 5.148095167308069
y3Q0: 6.108640330618901
y2Q2: 0.21810149116665936
x1P0: 2.4192481845100517
x3Q4: 0.797956372566229
y1Q1: 0.09748169038678899
y3Q4: 5.69211505599011
y2Q4: 1.6187721787908456
y1Q6: 0.014086962181025342
x3Q0: 0.5849914692047501
x1Q6: 5.527131205889086
y2Q1: 3.9473844434691543
x2Q6: 5.7745537460771565
y1Q3: 0.08257831004301792
x3Q5: 0.06637373941020207
y3Q6: 5.917559594994107
x3Q6: 0.9451389403239953
x1Q3: 0.3821887381837633
x3P0: 1.3947117116839753
y3Q3: 0.0351338061250992
y2P0: 5.354202620722834
x2Q0: 1.424585184448849
x1Q5: 0.137777511990798
y1Q0: 6.276529697471711
x3Q2: 0.8449709234943605
x2P0: 6.1551304372025575
x2Q2: 6.187888107947361
x1Q4: 0.8066688527340257
y1P0: 0.49342087596794054
y1Q5: 5.7252515776230055
x3Q1: 1.4109345486648028
y3Q1: 1.956397459334679
y1Q2: 0.1632972681174142
x3Q3: 1.1820089118441788
y2Q6: 6.011490899130354
x1Q0: 0.546632358985351
y2Q3: 0.8141988981400781
x2Q5: 6.148253124045796
y1Q4: 0.09337061648502197
