y1Q2: 0.003985672996090095
y3Q5: 6.103439009166886
x3P0: 0.1925227822118111
y1Q6: 0.307049355479231
x2Q6: 1.4719952860488896
y1Q5: 2.637018687071218
x3Q5: 5.167722930448751
y1P0: 6.094683136893688
y2Q6: 5.60781387184229
x1Q4: 5.208538855414915
y3Q3: 5.815558377832915
y1Q1: 3.071693489802206
x1Q0: 0.33919714751297697
y3Q2: 6.138763648114071
x3Q6: 0.6744183676727643
y3P0: 5.662618874425742
x2P0: 2.2950217539789124
x2Q4: 5.381565831079885
x1Q3: 5.948308808217961
y2Q1: 1.3714943800513584
x2Q0: 1.1182299199328745
y3Q6: 5.9186797150250845
y2Q0: 1.1356524261173278
x1Q1: 0.35716489158626946
x2Q1: 4.609712943019226
x3Q1: 0.16208279394800731
y3Q4: 0.25035606699343804
y2Q5: 5.622808919965578
y2P0: 0.6974466299956361
x3Q2: 6.2611426208398075
x3Q3: 5.691034909559373
y1Q3: 6.001118090884919
x1Q5: 5.793915287013322
x2Q3: 6.239124949481157
y3Q0: 0.24672181050357284
y2Q2: 5.778449824058925
x1Q6: 1.3438340068358168
x1Q2: 0.6028533994438241
y3Q1: 1.3472900628876634
x2Q2: 5.448267379447619
y1Q4: 6.198021913599265
y2Q3: 0.011645669936342078
y1Q0: 0.8344110782617554
x1P0: 6.11580693101999
y2Q4: 3.5417407311567297
x2Q5: 4.368788722671399
x3Q0: 0.054364284562708115
x3Q4: 1.4127269095068136
