y1Q2: 0.06063773528185212
y3Q5: 6.2582538751762815
x3P0: 5.484607202764094
y1Q6: 6.171468068690405
x2Q6: 0.5969242263652075
y1Q5: 0.10151308474331336
x3Q5: 0.0009513968164709397
y1P0: 5.637958626318234
y2Q6: 5.624719053396327
x1Q4: 1.2449307311859097
y3Q3: 0.2687965941562334
y1Q1: 0.1204527682516686
x1Q0: 3.4931776464214885
y3Q2: 5.40467204517696
x3Q6: 0.8234884565585062
y3P0: 3.4610085491864053
x2P0: 1.2128347985804016
x2Q4: 0.4050995728005941
x1Q3: 0.34984968583219495
y2Q1: 0.4151823733815081
x2Q0: 0.36522594684775805
y3Q6: 0.2668386365528468
y2Q0: 3.854143113243468
x1Q1: 0.6273931199058548
x2Q1: 6.108438906863818
x3Q1: 5.347616483445818
y3Q4: 5.817885309555881
y2Q5: 0.1546669153398325
y2P0: 2.145583017776683
x3Q2: 0.932725912434262
x3Q3: 1.5952866623969433
y1Q3: 0.009199548768528132
x1Q5: 0.14893531551219685
x2Q3: 5.213393030714918
y3Q0: 5.5688880529155975
y2Q2: 0.29809223678916763
x1Q6: 5.119378590988358
x1Q2: 0.5688144734512885
y3Q1: 0.5961819153499034
x2Q2: 1.2453468895203315
y1Q4: 5.996589134244356
y2Q3: 2.3212795040848055
y1Q0: 2.9861934888957364
x1P0: 5.202104387386932
y2Q4: 1.0076504338718413
x2Q5: 6.238922112788476
x3Q0: 0.10998154295918994
x3Q4: 0.8950313626666584
