y1Q2: 5.862629422172355
y3Q5: 0.06062277787049197
x3P0: 0.24164075073018884
y1Q6: 6.0491148438708855
x2Q6: 0.5685913259200739
y1Q5: 3.382243035310512
x3Q5: 1.6378414677154198
y1P0: 0.1459338500810603
y2Q6: 0.3960255792180293
x1Q4: 6.147433049522267
y3Q3: 0.7540114080618447
y1Q1: 6.209507174236382
x1Q0: 4.98958635079752
y3Q2: 1.355641507568549
x3Q6: 6.198480624701186
y3P0: 5.66690506376322
x2P0: 4.4261211036154195
x2Q4: 5.402428476835104
x1Q3: 0.480626323150718
y2Q1: 0.594736916463888
x2Q0: 6.106780850141055
y3Q6: 0.5360779087559566
y2Q0: 5.880441428978486
x1Q1: 3.915356523330303
x2Q1: 5.363397844590229
x3Q1: 1.3653171834654918
y3Q4: 4.99797133515063
y2Q5: 5.384053970742141
y2P0: 0.8022469333860113
x3Q2: 6.209205698587772
x3Q3: 5.698859432611266
y1Q3: 6.188109945972458
x1Q5: 0.22710668244671645
x2Q3: 1.5849071870436398
y3Q0: 5.750480267049124
y2Q2: 2.5830859151091046
x1Q6: 6.098161335547711
x1Q2: 0.168598346468933
y3Q1: 6.1140597609079395
x2Q2: 0.5391697769367791
y1Q4: 6.217792036713234
y2Q3: 3.7092949530117107
y1Q0: 5.9124228639801935
x1P0: 1.080132102989023
y2Q4: 5.4142819483787
x2Q5: 5.583737097466516
x3Q0: 4.958079020828611
x3Q4: 5.076694440939668
