y1Q2: 5.968754795953493
y3Q5: 6.156782738510084
x3P0: 0.0864368419612625
y1Q6: 0.190229938585381
x2Q6: 1.4648220862870696
y1Q5: 2.6412160020111535
x3Q5: 5.222209184874616
y1P0: 6.117287753292951
y2Q6: 5.638337445125431
x1Q4: 5.141786874221696
y3Q3: 5.59478992583952
y1Q1: 3.1070553116666804
x1Q0: 0.3481934719310286
y3Q2: 6.183998716467429
x3Q6: 0.7987430092443794
y3P0: 5.762960174219263
x2P0: 2.1735786253117477
x2Q4: 5.561462135816281
x1Q3: 5.847575435365292
y2Q1: 1.24688542705113
x2Q0: 1.1995184538813988
y3Q6: 5.841980301959382
y2Q0: 0.9073955881225946
x1Q1: 0.4994856835609238
x2Q1: 4.669244582094688
x3Q1: 0.2605257187496563
y3Q4: 0.1077541249112757
y2Q5: 5.3504799112006065
y2P0: 0.6394803623242485
x3Q2: 0.2830150918782276
x3Q3: 5.443573146888807
y1Q3: 6.219293028578777
x1Q5: 5.878908201558188
x2Q3: 0.18966781552190692
y3Q0: 0.23645363905156172
y2Q2: 5.81175756139126
x1Q6: 1.3505045552790849
x1Q2: 0.8544056509880718
y3Q1: 1.4667224477786855
x2Q2: 5.63870431098766
y1Q4: 6.265447432536752
y2Q3: 0.050089348723491495
y1Q0: 0.568757376186958
x1P0: 6.185377727408383
y2Q4: 3.6578954702499287
x2Q5: 4.080238665602702
x3Q0: 6.1985365984655205
x3Q4: 1.3457585415102877
