y1Q2: 5.971642362317167
y3Q5: 0.037579467264210464
x3P0: 0.1984639657494033
y1Q6: 0.011428523134089374
x2Q6: 0.4205886452285942
y1Q5: 3.397050041137116
x3Q5: 1.4283181331496249
y1P0: 6.274188557439587
y2Q6: 0.42314853678813175
x1Q4: 6.225099667030373
y3Q3: 0.5963733093571406
y1Q1: 6.158067891936502
x1Q0: 5.082825901583164
y3Q2: 1.2854555237772962
x3Q6: 6.225080888832812
y3P0: 5.53092457537249
x2P0: 4.4127699093639166
x2Q4: 5.454422558569417
x1Q3: 0.5058005424088429
y2Q1: 0.6521730190420709
x2Q0: 5.901485481552687
y3Q6: 0.5399892685540268
y2Q0: 5.94077731792016
x1Q1: 3.8740338944757586
x2Q1: 5.377976429729215
x3Q1: 1.4054215512214787
y3Q4: 5.0814716758866325
y2Q5: 5.3490086815552305
y2P0: 0.7546791076977326
x3Q2: 0.06227354896311596
x3Q3: 5.859307916103142
y1Q3: 6.037396692489724
x1Q5: 0.033554230098344594
x2Q3: 1.4044181575883237
y3Q0: 5.6601976828873575
y2Q2: 2.571606833245416
x1Q6: 6.07249071151222
x1Q2: 0.13888848514023097
y3Q1: 6.082028035712774
x2Q2: 0.5262406758789828
y1Q4: 6.173745356470468
y2Q3: 3.9523023928239134
y1Q0: 6.103219695059653
x1P0: 1.1869482229411001
y2Q4: 5.474067056975486
x2Q5: 5.63142402014747
x3Q0: 4.885199902963584
x3Q4: 5.113285326886618
