y1Q2: 0.05108254615061991
y3Q5: 6.012134587063211
x3P0: 0.21868302192345365
y1Q6: 0.325999581400905
x2Q6: 1.482743138263764
y1Q5: 2.6712890043573125
x3Q5: 5.164329030974416
y1P0: 6.105254959314228
y2Q6: 5.660210621157593
x1Q4: 5.218606444624273
y3Q3: 5.7648427855977
y1Q1: 3.108792299986307
x1Q0: 0.2681729955312264
y3Q2: 6.064616356176607
x3Q6: 0.6919837439405201
y3P0: 5.639462825201617
x2P0: 2.2645756779376214
x2Q4: 5.330036601309565
x1Q3: 6.094224987868647
y2Q1: 1.3794869319909953
x2Q0: 1.1915009984162712
y3Q6: 5.95083629013526
y2Q0: 1.090718562616154
x1Q1: 0.3898004412540747
x2Q1: 4.599682865138185
x3Q1: 0.3272643618040092
y3Q4: 0.22319506541912154
y2Q5: 5.516604204045142
y2P0: 0.6924566398489429
x3Q2: 0.14755547607825903
x3Q3: 5.579921184474342
y1Q3: 6.005118498984518
x1Q5: 5.864179644769938
x2Q3: 0.043523835830593605
y3Q0: 0.296985089789621
y2Q2: 5.838270056878507
x1Q6: 1.324859791903914
x1Q2: 0.6730172147488266
y3Q1: 1.3116641768775268
x2Q2: 5.544378931244664
y1Q4: 6.240330307421105
y2Q3: 0.13728448790852754
y1Q0: 0.7408051969318754
x1P0: 6.1637485378744135
y2Q4: 3.5999095928050053
x2Q5: 4.32421349282224
x3Q0: 6.256082318745489
x3Q4: 1.3377450075042883
