y1Q2: 0.1664557859299419
y3Q5: 4.95681942431237
x3P0: 6.271351630139878
y1Q6: 0.0008821785506582837
x2Q6: 0.0941705855705787
y1Q5: 0.8112186915994071
x3Q5: 5.585812941427132
y1P0: 5.637346009981223
y2Q6: 1.3788104014258835
x1Q4: 3.974218307627597
y3Q3: 6.253224869778794
y1Q1: 0.07882997810130851
x1Q0: 0.8186320646043209
y3Q2: 1.083246699259822
x3Q6: 0.5863477599386315
y3P0: 5.912752737024271
x2P0: 6.201216718637399
x2Q4: 6.0804334120567205
x1Q3: 6.0202447386546565
y2Q1: 0.5004015241357729
x2Q0: 5.920569226180284
y3Q6: 6.024371822584931
y2Q0: 6.064242035030275
x1Q1: 0.590867354078594
x2Q1: 4.879389554114198
x3Q1: 1.605490372858954
y3Q4: 0.7464527990106763
y2Q5: 1.3410252054962484
y2P0: 5.846492493551857
x3Q2: 0.15319443455091925
x3Q3: 5.810596838478409
y1Q3: 0.16944306604359333
x1Q5: 0.594440760491044
x2Q3: 0.4776303474769414
y3Q0: 5.352286070047448
y2Q2: 5.896102861991669
x1Q6: 1.9937485270958928
x1Q2: 0.5388638766334889
y3Q1: 1.0349439395989648
x2Q2: 3.296687764415622
y1Q4: 0.3381682555270318
y2Q3: 0.2650304446186727
y1Q0: 0.5787606806993476
x1P0: 0.17393488757824316
y2Q4: 6.102176887492125
x2Q5: 1.032069836362385
x3Q0: 0.6862634657321206
x3Q4: 0.9930284150509799
