y1Q2: 6.2204174293261225
y3Q5: 6.22370267164447
x3P0: 5.31562014323872
y1Q6: 6.0278131676673326
x2Q6: 0.7758221701985005
y1Q5: 0.12340394700827084
x3Q5: 6.241595921244352
y1P0: 5.801766854783516
y2Q6: 5.560632614652152
x1Q4: 1.1854802147226438
y3Q3: 0.24794438537717342
y1Q1: 0.029100637307858612
x1Q0: 3.374356615775661
y3Q2: 5.54576834631947
x3Q6: 0.6635716286822664
y3P0: 3.6494414976294753
x2P0: 1.29874938332408
x2Q4: 0.4963055752177868
x1Q3: 0.23475794687368934
y2Q1: 0.5038649331502713
x2Q0: 0.37935622993858026
y3Q6: 0.42366694558917284
y2Q0: 3.8684282072020624
x1Q1: 0.6430091917492341
x2Q1: 5.954012631606573
x3Q1: 5.379758391510912
y3Q4: 5.708141181468659
y2Q5: 0.1475078715624419
y2P0: 1.9325756699993777
x3Q2: 0.9420364938805952
x3Q3: 1.6192889866312745
y1Q3: 6.140484980050438
x1Q5: 0.09789882166890018
x2Q3: 5.237182924987645
y3Q0: 5.724936529158254
y2Q2: 0.1513187333329874
x1Q6: 5.227183707454267
x1Q2: 0.5867634132678601
y3Q1: 0.7468952468689815
x2Q2: 1.3655147286607878
y1Q4: 5.931884150821057
y2Q3: 2.1985745171307713
y1Q0: 3.202724030084813
x1P0: 5.084241553472342
y2Q4: 1.044168083185551
x2Q5: 0.014684948270401284
x3Q0: 0.3481500045835525
x3Q4: 0.9751075662230513
