y1Q2: 0.1129935007652248
y3Q5: 5.094102447152963
x3P0: 6.133374165602462
y1Q6: 6.247353024600468
x2Q6: 0.08372173008093145
y1Q5: 0.7457818866313405
x3Q5: 5.5454267290350145
y1P0: 5.7729014800674605
y2Q6: 1.3617901505317007
x1Q4: 3.9290236445178435
y3Q3: 6.14733552964044
y1Q1: 6.282301480002654
x1Q0: 0.7082110096319929
y3Q2: 1.236073339071249
x3Q6: 0.57460362540207
y3P0: 6.065929445547802
x2P0: 0.19570970800466486
x2Q4: 5.9682238636196825
x1Q3: 5.988869204231587
y2Q1: 0.5584555684633464
x2Q0: 5.770736689062474
y3Q6: 6.01758664242654
y2Q0: 6.032284862599178
x1Q1: 0.5938915043267932
x2Q1: 4.996174937061771
x3Q1: 1.3611862076576478
y3Q4: 0.785289895423771
y2Q5: 1.2935003341446951
y2P0: 5.884012451993551
x3Q2: 0.2816536320820465
x3Q3: 5.859701229051127
y1Q3: 0.3376963684169371
x1Q5: 0.6866058780349554
x2Q3: 0.38991427354911457
y3Q0: 5.223600606167249
y2Q2: 5.909332903630149
x1Q6: 2.113757105199447
x1Q2: 0.4857435011853305
y3Q1: 1.168575088262583
x2Q2: 3.332076341235932
y1Q4: 0.1170174039870836
y2Q3: 0.2392606673840071
y1Q0: 0.4006838324707469
x1P0: 0.35097242041841037
y2Q4: 6.125344452839214
x2Q5: 0.9075939549817237
x3Q0: 0.644977782748576
x3Q4: 1.01383556814735
