y1Q2: 5.888724373225859
y3Q5: 0.00047418805475452075
x3P0: 0.2778917611612744
y1Q6: 6.217788812173943
x2Q6: 0.5840762497054912
y1Q5: 3.271264449051248
x3Q5: 1.5848754177352224
y1P0: 0.18225214788997862
y2Q6: 0.4647942080168155
x1Q4: 6.24136703274217
y3Q3: 0.7062209984824704
y1Q1: 6.10597200992149
x1Q0: 4.974031798745509
y3Q2: 1.454253255900483
x3Q6: 6.207744200970771
y3P0: 5.5612990468340175
x2P0: 4.35762397273075
x2Q4: 5.35570713710406
x1Q3: 0.45069642416578304
y2Q1: 0.7101465997394707
x2Q0: 6.038744824470603
y3Q6: 0.37065887059471014
y2Q0: 5.9294061559002404
x1Q1: 3.9890995681933115
x2Q1: 5.451704906697147
x3Q1: 1.329023400385172
y3Q4: 4.9378681644894185
y2Q5: 5.393006267785396
y2P0: 0.724908440594452
x3Q2: 6.186671246704382
x3Q3: 5.751419519981737
y1Q3: 6.106009966288693
x1Q5: 0.16776352480082518
x2Q3: 1.552355254482947
y3Q0: 5.849011632158858
y2Q2: 2.640255584374831
x1Q6: 6.105392008755013
x1Q2: 0.14631646040135507
y3Q1: 6.002886790801486
x2Q2: 0.4960969753837732
y1Q4: 6.11018948407926
y2Q3: 3.6984958964396153
y1Q0: 5.853059731949468
x1P0: 1.1506522214653359
y2Q4: 5.39797358687904
x2Q5: 5.539195449648297
x3Q0: 5.013151574935881
x3Q4: 5.03695128518835
