y1Q2: 0.016040925491024538
y3Q5: 6.129402608449908
x3P0: 0.36006795336891967
y1Q6: 0.27111130845983444
x2Q6: 1.5253169789836667
y1Q5: 2.4485950271560233
x3Q5: 5.144733116283051
y1P0: 6.261482975493135
y2Q6: 5.519662942848522
x1Q4: 5.161843689136973
y3Q3: 5.642561871299917
y1Q1: 3.178365071722726
x1Q0: 0.3924320115986652
y3Q2: 6.121625675519218
x3Q6: 0.59991006986072
y3P0: 5.682427308313929
x2P0: 2.222913282241333
x2Q4: 5.624400655324978
x1Q3: 6.158334702610555
y2Q1: 1.3098668110545368
x2Q0: 1.0758702265197646
y3Q6: 6.007281857141916
y2Q0: 0.9960206667075522
x1Q1: 0.45590825002873636
x2Q1: 4.569764837111475
x3Q1: 0.32653826060884206
y3Q4: 0.17702638670515145
y2Q5: 5.685715512216597
y2P0: 0.6208432294139117
x3Q2: 0.04959202954336693
x3Q3: 5.448748361586296
y1Q3: 6.044782885353036
x1Q5: 5.8187949037146
x2Q3: 6.271958426448322
y3Q0: 0.4053429618754144
y2Q2: 5.763518098900969
x1Q6: 1.4095460960514248
x1Q2: 0.7683263021702654
y3Q1: 1.3935490338119743
x2Q2: 5.39798669517246
y1Q4: 6.15801359753567
y2Q3: 6.203339964851501
y1Q0: 0.6249657731069772
x1P0: 5.9721586100831825
y2Q4: 3.65683929107245
x2Q5: 4.377038935595383
x3Q0: 6.2334755775200135
x3Q4: 1.4373139069210972
