y1Q2: 0.06544865364542854
y3Q5: 4.9373567513321515
x3P0: 6.152838371728851
y1Q6: 6.2373403226243544
x2Q6: 0.11653954738495854
y1Q5: 0.8286371606286435
x3Q5: 5.470498050737737
y1P0: 5.716290482304645
y2Q6: 1.2770789986238829
x1Q4: 3.8687876410358677
y3Q3: 0.022840620982548465
y1Q1: 6.214770972528952
x1Q0: 0.7415201713507954
y3Q2: 0.9982140030705975
x3Q6: 0.5625618212411281
y3P0: 6.104191471636433
x2P0: 0.11798630094369571
x2Q4: 6.018228264370951
x1Q3: 6.189440475103362
y2Q1: 0.5363152509422934
x2Q0: 5.747679153807542
y3Q6: 6.020850474253447
y2Q0: 6.0649494788212435
x1Q1: 0.42894330051727925
x2Q1: 5.056939569336456
x3Q1: 1.4799736967133854
y3Q4: 0.5989878497587271
y2Q5: 1.2234249955879826
y2P0: 5.876097762258738
x3Q2: 0.2318753374030001
x3Q3: 5.840608180664045
y1Q3: 0.16458682248459872
x1Q5: 0.679871111921124
x2Q3: 0.38336354344205015
y3Q0: 5.346618635506945
y2Q2: 5.892379375527031
x1Q6: 2.166961499609408
x1Q2: 0.4665739967001083
y3Q1: 1.0915764609841545
x2Q2: 3.2880450120763816
y1Q4: 0.23647124987227797
y2Q3: 0.35996048840009903
y1Q0: 0.5598746895118729
x1P0: 0.3242234992642482
y2Q4: 6.110988110036217
x2Q5: 0.8436577704272754
x3Q0: 0.7221866962886673
x3Q4: 1.054385361422428
