y1Q2: 6.198160013973375
y3Q5: 6.171877164077774
x3P0: 5.482904981069611
y1Q6: 6.14176103789018
x2Q6: 0.5572360975038044
y1Q5: 0.07742874687549006
x3Q5: 6.162063642520424
y1P0: 5.631644538148313
y2Q6: 5.525019303797404
x1Q4: 1.1181645026857172
y3Q3: 0.21801369380276628
y1Q1: 0.08179628286875298
x1Q0: 3.5894993760577543
y3Q2: 5.454823147344316
x3Q6: 0.7057242277270682
y3P0: 3.4198304693446833
x2P0: 1.2288455656725739
x2Q4: 0.3337582306712039
x1Q3: 0.4480284713799679
y2Q1: 0.5371122768039271
x2Q0: 0.4715791747729854
y3Q6: 0.25919361306833244
y2Q0: 3.80221309057973
x1Q1: 0.6019981934637525
x2Q1: 5.975638752477099
x3Q1: 5.320503992647278
y3Q4: 5.625263948785096
y2Q5: 0.20033418071649178
y2P0: 2.085246605999948
x3Q2: 1.0376537546413485
x3Q3: 1.6910013934194963
y1Q3: 6.2252688799346965
x1Q5: 0.17278416210609804
x2Q3: 5.1652138672937955
y3Q0: 5.728982432504789
y2Q2: 0.24653771986403497
x1Q6: 5.090395542096429
x1Q2: 0.48378377311966275
y3Q1: 0.6725942823070028
x2Q2: 1.2605953246669108
y1Q4: 5.858729027488314
y2Q3: 2.2661397517128226
y1Q0: 3.056579429707875
x1P0: 5.180038525986498
y2Q4: 1.067720544682111
x2Q5: 0.04268356269888379
x3Q0: 0.24242060438412733
x3Q4: 0.9044688758188111
