y1Q2: 0.23392305699741595
y3Q5: 5.008430598736754
x3P0: 6.189025944928625
y1Q6: 0.07379939572964495
x2Q6: 0.025516253238369063
y1Q5: 0.7523922847837408
x3Q5: 5.4594976498893475
y1P0: 5.654529129309045
y2Q6: 1.2897808761670682
x1Q4: 4.015749311123078
y3Q3: 6.225303347490042
y1Q1: 6.244383260498442
x1Q0: 0.7081304039261407
y3Q2: 1.2512104473175965
x3Q6: 0.6417050720372487
y3P0: 5.9912432289757245
x2P0: 0.030436063884663037
x2Q4: 5.986700934351725
x1Q3: 6.057924318708454
y2Q1: 0.4984683853735824
x2Q0: 5.863669929282992
y3Q6: 6.011260637685772
y2Q0: 5.948465363580692
x1Q1: 0.6070828496487836
x2Q1: 5.121507440077829
x3Q1: 1.4072671872066032
y3Q4: 0.7131638144846761
y2Q5: 1.337996505478802
y2P0: 5.863086553177738
x3Q2: 0.21095828523014523
x3Q3: 5.72130640733681
y1Q3: 0.23277778354514528
x1Q5: 0.7022043930101333
x2Q3: 0.5436756210302276
y3Q0: 5.3440943861397185
y2Q2: 5.8060371266795405
x1Q6: 2.1011661307125005
x1Q2: 0.5088823298010409
y3Q1: 1.1330468261894817
x2Q2: 3.1729897020502698
y1Q4: 0.10254203348366671
y2Q3: 0.3765600757897076
y1Q0: 0.4749356532499217
x1P0: 0.4039414932353132
y2Q4: 5.9692564441996465
x2Q5: 0.7689778580325147
x3Q0: 0.6289903400365802
x3Q4: 1.0916391912536962
