y1Q2: 6.232671434761704
y3Q5: 0.06054707483698696
x3P0: 5.45064495572629
y1Q6: 6.132771211750034
x2Q6: 0.687839011852086
y1Q5: 0.12083073126184325
x3Q5: 6.147724719792856
y1P0: 5.8273069179239725
y2Q6: 5.607728490717926
x1Q4: 1.2381466949466353
y3Q3: 0.16777812581463625
y1Q1: 6.2046870701257175
x1Q0: 3.3656150277027934
y3Q2: 5.516014951115137
x3Q6: 0.6798519763283073
y3P0: 3.60343546794796
x2P0: 1.2380701607722402
x2Q4: 0.5654725293008467
x1Q3: 0.3896542027130384
y2Q1: 0.40877289278225565
x2Q0: 0.32964501069209284
y3Q6: 0.2992139376248019
y2Q0: 3.7682272531073173
x1Q1: 0.7548799034007734
x2Q1: 5.952761175802979
x3Q1: 5.366778294372519
y3Q4: 5.579837416821238
y2Q5: 0.24523556862529117
y2P0: 1.9774258371716722
x3Q2: 0.8204975627496127
x3Q3: 1.4650772490897446
y1Q3: 6.157958623304541
x1Q5: 0.07744701135690857
x2Q3: 5.256559674057194
y3Q0: 5.606281531511899
y2Q2: 0.21287137505029954
x1Q6: 5.223148969242636
x1Q2: 0.5690853897502274
y3Q1: 0.8456474877840987
x2Q2: 1.2211332402504158
y1Q4: 5.800156496772648
y2Q3: 2.1252418242612094
y1Q0: 3.2536757650291417
x1P0: 5.144015104423727
y2Q4: 0.9899482343770765
x2Q5: 6.238024766715311
x3Q0: 0.26190252908457523
x3Q4: 0.8065739635698884
