y1Q2: 5.791123935483639
y3Q5: 6.148604374842585
x3P0: 0.19794734017103716
y1Q6: 6.154184419815789
x2Q6: 0.5058621845117216
y1Q5: 3.259748746209083
x3Q5: 1.4607186808389658
y1P0: 0.08711614418162504
y2Q6: 0.4349125256069886
x1Q4: 6.283165761355003
y3Q3: 0.7382541392178907
y1Q1: 6.183411609150108
x1Q0: 5.018923491170556
y3Q2: 1.2852160821861678
x3Q6: 6.124295833397152
y3P0: 5.697542828845511
x2P0: 4.426236731450193
x2Q4: 5.392297136340909
x1Q3: 0.3496032034799207
y2Q1: 0.5734226423009979
x2Q0: 6.009406720354893
y3Q6: 0.5044844688285155
y2Q0: 5.848326473722571
x1Q1: 3.9831090448857234
x2Q1: 5.301521640959025
x3Q1: 1.259359801761963
y3Q4: 4.96958418987258
y2Q5: 5.460233100029914
y2P0: 0.7480042442783149
x3Q2: 6.226247991912303
x3Q3: 5.6000612215210195
y1Q3: 6.247881172315402
x1Q5: 0.22508668869008946
x2Q3: 1.5561427089645399
y3Q0: 5.719515694538841
y2Q2: 2.6968214535455535
x1Q6: 6.054495091253941
x1Q2: 0.31232586577118737
y3Q1: 6.035891548928256
x2Q2: 0.5156076380583239
y1Q4: 6.09433948423447
y2Q3: 3.785954757039069
y1Q0: 5.904264643524086
x1P0: 1.1498627169799231
y2Q4: 5.439247676495472
x2Q5: 5.715956049111572
x3Q0: 5.0198541757996
x3Q4: 5.100026767049924
