x1Q2: 0.3484364470454798
y1Q4: 6.1885933223645635
y3P0: 5.9773984165755145
x2Q0: 2.3192932638920025
y3Q5: 0.5675526120670704
cx1QP00: 0.6049956944677826
cx1QP10: 6.050655766571801
cx1QP40: 0.20973038046628123
cx1QP60: 5.2995330341117715
y2Q1: 0.48346103524441497
x2Q3: 0.020368598582705837
x1Q4: 1.0930766922041137
x2Q4: 0.31640059938346066
x1Q1: 0.6032677153677494
x2Q6: 4.53309830138089
y2Q5: 5.026210909364279
y2Q2: 5.747641895162991
x3Q0: 0.039272920318805006
y2Q4: 6.134575688913114
cx1QP20: 0.5847465210144441
x3Q1: 0.655796428005198
y2P0: 0.701083162725439
x3Q6: 5.75045860319962
y3Q6: 0.15403060594152496
y1Q0: 5.636256932487087
y3Q1: 6.1995945313745615
y2Q6: 5.298979795648088
y1Q3: 6.041196219739521
y1Q5: 5.485345420947242
x1Q3: 5.95922381094679
y2Q0: 0.4308926331808185
x3Q2: 6.132118285531942
scx2SP0: 0.5818619868544592
x2P0: 5.812092744312843
x1P0: 0.28889467803627156
cx1QP50: 0.6122698463810553
y3Q3: 0.5996455989744511
x2Q2: 1.1572292052820699
x3Q3: 5.648881444474954
y1Q2: 6.245564298142606
y1Q1: 0.10163921348503208
cx1QP30: 2.202581179669659
x3Q4: 5.487409773027812
x1Q5: 0.008617203406951334
y2Q3: 6.042886872974071
y3Q0: 5.898115042616263
y3Q4: 6.249833176964513
x2Q5: 1.0085134631542492
x1Q0: 0.5865163003929625
x1Q6: 5.252998797953865
x3P0: 0.6288157313004381
y1P0: 0.3443046869250832
y3Q2: 5.423904443813997
x2Q1: 0.10823112043486549
x3Q5: 5.6956902501466695
y1Q6: 0.09585535090468367
