x1Q2: 0.45214559404697846
y1Q4: 6.029342196524087
y3P0: 5.878644379087326
x2Q0: 2.1906216195920027
y3Q5: 0.7669424905803184
cx1QP00: 0.6262135072164466
cx1QP10: 6.108174760568034
cx1QP40: 0.15013011924904132
cx1QP60: 5.253468816534704
y2Q1: 0.4925858477483367
x2Q3: 6.254285529946521
x1Q4: 1.0923244584131564
x2Q4: 0.2971726910001732
x1Q1: 0.6278134080076744
x2Q6: 4.641512499330688
y2Q5: 5.187506587262823
y2Q2: 5.663583726820401
x3Q0: 0.06884114953174382
y2Q4: 6.262690021111333
cx1QP20: 0.7921009863873544
x3Q1: 0.35414548338487706
y2P0: 0.590546307662038
x3Q6: 5.74885048271804
y3Q6: 0.2296257238809962
y1Q0: 5.583518582327788
y3Q1: 6.126798602335383
y2Q6: 5.200224765060608
y1Q3: 6.111240662628618
y1Q5: 5.33119668969846
x1Q3: 6.118245816148397
y2Q0: 0.2699837105341443
x3Q2: 5.990509388460074
scx2SP0: 0.48047715751824216
x2P0: 5.7408989953606175
x1P0: 0.39893336755156167
cx1QP50: 0.510973450184929
y3Q3: 0.7869518521198696
x2Q2: 0.9981149396414392
x3Q3: 5.611316279942279
y1Q2: 6.076307385382713
y1Q1: 0.2193510390905991
cx1QP30: 2.0950078723384036
x3Q4: 5.419987400441033
x1Q5: 6.22657170498928
y2Q3: 6.099543967988909
y3Q0: 5.942297095400848
y3Q4: 0.021845161565658522
x2Q5: 0.9784467214483477
x1Q0: 0.6304648754318742
x1Q6: 5.281259077224084
x3P0: 0.6975323373037675
y1P0: 0.2872408125409152
y3Q2: 5.499456824243606
x2Q1: 0.1691510303836002
x3Q5: 5.840657864318319
y1Q6: 0.0552228609112142
