x1Q2: 0.3951081081684174
y1Q4: 6.224947863683564
y3P0: 5.901075391565553
x2Q0: 2.3061857852139647
y3Q5: 0.7833170001829248
cx1QP00: 0.7282971772762464
cx1QP10: 6.220784608834155
cx1QP40: 0.20154020138502454
cx1QP60: 5.106690576345772
y2Q1: 0.2615726449470417
x2Q3: 0.12488010435678837
x1Q4: 1.0369578849686183
x2Q4: 0.30859600992707736
x1Q1: 0.7057192059207736
x2Q6: 4.6402719046857355
y2Q5: 4.982918354374696
y2Q2: 5.618419817463246
x3Q0: 6.128454008119942
y2Q4: 6.059275702955435
cx1QP20: 0.7585588195764452
x3Q1: 0.21917992601943637
y2P0: 0.7291933280854617
x3Q6: 5.914835454402356
y3Q6: 0.34866285842714523
y1Q0: 5.754589756497161
y3Q1: 0.09924169766551302
y2Q6: 5.424058947114991
y1Q3: 6.022203362656839
y1Q5: 5.0982683638989394
x1Q3: 6.024544186915946
y2Q0: 0.35583416871697854
x3Q2: 6.072292251348681
scx2SP0: 0.5883119215324102
x2P0: 5.781879257120842
x1P0: 0.32210073858623733
cx1QP50: 0.558134333766313
y3Q3: 0.8094971174699397
x2Q2: 1.1098192220778753
x3Q3: 5.695548430178831
y1Q2: 6.100489214441428
y1Q1: 0.205125137481832
cx1QP30: 2.115344849387792
x3Q4: 5.307041480332735
x1Q5: 0.15542957994623344
y2Q3: 5.983148024726732
y3Q0: 5.643691173056954
y3Q4: 6.1341385183289034
x2Q5: 0.8776135522316888
x1Q0: 0.5052229737683618
x1Q6: 5.57121982556784
x3P0: 0.6826076574176805
y1P0: 0.40810001200522555
y3Q2: 5.3109358090267635
x2Q1: 0.3768223140345115
x3Q5: 5.569030507430149
y1Q6: 0.08615161763950956
