x1Q2: 0.4226838333637991
y1Q4: 6.036353365173651
y3P0: 5.933040409633995
x2Q0: 2.110828153734451
y3Q5: 0.6489099826887125
cx1QP00: 0.47417562417984627
cx1QP10: 6.112620648374825
cx1QP40: 0.20210202756615248
cx1QP60: 5.257159555154374
y2Q1: 0.40020382966940155
x2Q3: 0.12112489367322304
x1Q4: 1.1942053269913904
x2Q4: 0.21928329614572523
x1Q1: 0.5749317610962904
x2Q6: 4.572757514586954
y2Q5: 5.242263678070393
y2Q2: 5.752931310489382
x3Q0: 0.10081894259779926
y2Q4: 6.087349791169231
cx1QP20: 0.7418264864071632
x3Q1: 0.352384268524158
y2P0: 0.6988201060916073
x3Q6: 5.829335060496777
y3Q6: 0.23301110939738584
y1Q0: 5.582554907286969
y3Q1: 6.192717561926588
y2Q6: 5.212216524831853
y1Q3: 6.082090099646136
y1Q5: 5.357950351085387
x1Q3: 6.197575944233341
y2Q0: 0.36864197473509214
x3Q2: 5.970414015859642
scx2SP0: 0.5148255447318244
x2P0: 5.8064274541520104
x1P0: 0.40889216141461854
cx1QP50: 0.5901368883208183
y3Q3: 0.809583540473889
x2Q2: 1.1012287291931835
x3Q3: 5.739158929601142
y1Q2: 6.235554069860311
y1Q1: 0.09386218797211741
cx1QP30: 2.033565989326518
x3Q4: 5.48399310765388
x1Q5: 6.259005150408901
y2Q3: 5.987504892555312
y3Q0: 6.01040712752802
y3Q4: 6.230673966933201
x2Q5: 0.9855191254299792
x1Q0: 0.5123597917228476
x1Q6: 5.265452421629228
x3P0: 0.6811590766820661
y1P0: 0.304023679607076
y3Q2: 5.343090728540456
x2Q1: 0.2854162360895858
x3Q5: 5.7946139169706665
y1Q6: 0.05550826507111843
